主教练：尤纳斯
球员：
(9)
(8)
(3)
(6)
(11)
(16)
(20)
(13)
(12)
(26)
(17)
(30)
(0)
(21)
(23)
(5)
(34)
主教练：胡雪峰
球员：
(55)
(8)
(9)
(22)
(15)
(16)
(23)
(45)
(5)
(31)
(3)
(33)
(30)
(7)
(2)
(24)
(26)
主教练：阿的江
球员：
(24)
(15)
(22)
(10)
(21)
(1)
(9)
(8)
(20)
(11)
(33)
(7)
(5)
(6)
(16)
(17)
主教练：刘鹏
球员：
(23)
(1)
(24)
(22)
(12)
(11)
(3)
(76)
(9)
(14)
(10)
(35)
(7)
(47)
(16)
(32)
主教练：张博雨
球员：
(2)
(45)
(11)
(13)
(76)
(15)
(17)
(24)
(26)
(28)
(33)
(8)
(10)
(32)
(25)
(23)
主教练：张德贵
球员：
(1)
(9)
(11)
(15)
(31)
(30)
(41)
(14)
(23)
(13)
(12)
(5)
(8)
(16)
(10)
(38)
(21)
(3)
主教练：王建军
球员：
(3)
(8)
(20)
(12)
(24)
(22)
(7)
(21)
(11)
(15)
(33)
(13)
(1)
(2)
(30)
(9)
主教练：郭士强
球员：
(12)
(13)
(3)
(1)
(15)
(11)
(6)
(10)
(21)
(23)
(55)
(14)
(42)
(18)
主教练：闵鹿蕾
球员：
(8)
(9)
(11)
(16)
(18)
(20)
(26)
(31)
(33)
(35)
(51)
(10)
(22)
(29)
(13)
(3)
(32)
(34)
主教练：李秋平
球员：
(4)
(18)
(0)
(2)
(14)
(9)
(11)
(13)
(21)
(30)
(7)
(55)
(20)
(1)
(6)
(50)
主教练：邓华德
球员：
(1)
(2)
(3)
(4)
(5)
(6)
(10)
(11)
(12)
(14)
(20)
(21)
(23)
(30)
(13)
(7)
(55)
(9)
主教练：马佐
球员：
(50)
(9)
(10)
(45)
(32)
(8)
(25)
(6)
(11)
(3)
(7)
(4)
(23)
(13)
(14)
(53)
(1)
(33)
(17)
主教练：杨文海
球员：
(3)
(4)
(6)
(7)
(8)
(9)
(10)
(12)
(21)
(25)
(33)
(35)
(5)
(1)
(11)
(36)
主教练：凯撒
球员：
(32)
(5)
(6)
(4)
(7)
(8)
(9)
(10)
(11)
(15)
(19)
(20)
(21)
(2)
(14)
(0)
(17)
(30)
(1)
(12)
(55)
主教练：李春江
球员：
(27)
(24)
(21)
(11)
(8)
(9)
(30)
(5)
(25)
(13)
(17)
(6)
(32)
(4)
主教练：特罗曼
球员：
(1)
(2)
(4)
(5)
(9)
(11)
(13)
(14)
(15)
(21)
(23)
(24)
(30)
(33)
(6)
(10)
(7)
(3)
(8)
主教练：巩晓彬
球员：
(2)
(5)
(6)
(7)
(8)
(9)
(10)
(13)
(14)
(17)
(27)
(32)
(35)
(55)
(20)
(3)
(25)
(1)
主教练：杨学增
球员：
(8)
(30)
(10)
(9)
(21)
(12)
(7)
(24)
(32)
(18)
(20)
(6)
(3)
(17)
(15)
(33)
(5)
主教练：胡卫东
球员：
(66)
(8)
(5)
(24)
(33)
(10)
(29)
(23)
(35)
(2)
(13)
(22)
(64)
(9)
(12)
(17)
(15)
(6)
(45)
(50)
主教练：王锡东
球员：
(2)
(3)
(6)
(7)
(8)
(9)
(10)
(11)
(13)
(17)
(18)
(20)
(21)
(22)
(27)
(31)
(4)
(15)
