中国体育彩票大乐透开奖结果第2017077期开奖结果：01 03 04 25 31 + 06 09，三区比3:0:2，奇偶比4:1，一等奖0注，本期销量199,482,288元，奖池滚存3,854,394,416元。2017078期大乐透预测：
排除前区：01,03,08,10,12,22,29,31
排除后区：06,09,10,12
前区范围：
前区06码：09,17,19,21,25,35
前区10码：06,09,16,17,19,21,25,30,34,35
前区12码：04,06,09,16,17,19,21,25,26,30,34,35
前区14码：02,04,06,09,14,16,17,19,21,25,26,30,34,35
前区16码：02,04,06,09,13,14,16,17,19,21,25,26,28,30,34,35
前区18码：02,04,06,09,11,13,14,16,17,19,21,23,25,26,28,30,34,35
后区范围：
后区6码：03,04,05,07,08,11
后区4码：05,07,08,11
后区2码：08,11
胆拖方案：
前胆：30拖：06,09,16,17,19,21,25,34,35+08,11
（中国足彩网）
|
|
|
|
|
|
|
|
Copyright © 1996-2017 SINA Corporation, All Rights Reserved
新浪公司
